First occurrence t = 0.000000  with q = 0.752282
Centers of the clusters:
-403.030165  88.837148  168.300399
134.855241  -393.620660  372.091641
139.047125  -371.173524  -207.034662
351.563302  376.690473  -59.804990
-162.399140  152.060900  277.983845
377.910983  6.903763  -139.047649
384.041290  164.196536  354.357368
-23.418578  131.288374  -394.301525
-172.039281  -135.618379  84.193447
375.922326  -136.351201  132.424074
-200.753252  -121.143640  -321.146691
341.613275  170.696026  95.417132
-352.731224  351.268103  358.882530
-365.982446  90.954444  -366.462561
20.013206  -140.205963  335.402696
-119.090209  -374.689779  -77.951394
-355.208870  356.329194  7.507061
120.381925  -138.738531  -366.853153
360.065134  -331.124793  -390.416955
-68.309319  -368.126772  -386.273281
368.692467  17.882201  -390.288053
-385.271371  -325.210013  329.264082
108.554198  -130.367653  -77.721824
164.844649  181.747177  -197.098932
378.552598  -394.128105  308.870959
150.148094  -335.571556  93.262781
-383.975511  -357.201141  -19.104128
24.977199  381.040351  42.135705
-364.508404  -326.644280  -366.639406
314.696488  405.802369  310.007645
-157.288824  140.942021  -103.232829
11.642076  392.726214  -330.640289
117.323182  152.006196  363.705184
349.844846  -126.743779  391.705750
-127.671691  -386.848292  313.165922
395.895681  -338.436988  -83.142119
-317.737185  -46.249571  393.804939
-22.814785  384.172221  363.135070
344.125200  344.371996  -361.184164
-332.340014  365.439889  -326.475958
82.295628  60.014000  79.589740
-401.584793  -44.290630  -115.108403
